13052
18203
43172
82632
99165
125571
125738
141211
148567
153634
156796
157180
161864
165228
176900
194811
218075
241626
257071
314792
319750
341961
357292
368414
368981
369177
386670
397633
434410
448172
465017
509190
514126
546076
557989
561804
715451
761925
777578
779714
783422
807536
813715
814432
820575
828028
832973
838754
849797
856036
881286
889427
892344
902516
916658
916663
918882
929715
941215
942008
948617
952114
952997
958045
958074
960828
966216
970568
972992
983960
987135
991633
998043
1005327
1005581
1005933
1017312
1023424
1026482
1031075
1034200
1035561
1039098
1042063
1046933
1049350
1050518
1051722
1052189
1053797
1062326
1062378
1075097
1078517
1079653
1079695
1080090
1080099
1082029
1085674
1091217
1091916
1095435
1097193
1102101
1107008
1107661
1112795
1121057
1121149
1126599
1135347
1139745
1142858
1146671
1148174
1149615
1150197
1156070
1160769
1165274
1169372
1170146
1179671
1181642
1181872
1188761
1189005
1190673
1193182
1194335
1209699
1223383
1225544
1229448
1232224
1240796
1246853
1247562
1248935
1250855
1251138
1255587
1264534
1279043
1291086
1318074
1320504
1333746
1399481
1422016
1439661
1460213
1489906
1567917
1573369
1577078
1605387
1622797
1659587
1713155
1788595
1801739
1859626
1929429
1940599
2039972
2363935
